-----------------------------------------------------------
Parte 1 - Média InsertionSort
Tamanho		Tempo(ms)	Cópias		Comparações
5		0		12		4
1000		8		252763		250765
5000		197		6213224		6203226
10000		969		24838268		24818270
50000		55001		624201856		624101858
100000		248554		2502681714		2502481716
-----------------------------------------------------------
Parte 1 - Média ShellSort
Tamanho		Tempo(ms)	Cópias		Comparações
5		0		13		8
1000		1		19667		14210
5000		7		140729		105645
10000		16		316575		241332
50000		157		2120775		1665056
100000		331		4886803		3919657
-----------------------------------------------------------
Parte 1 - Média MergeSort
Tamanho		Tempo(ms)	Cópias		Comparações
5		0		12		4
1000		1		9976		4362
5000		4		61808		28187
10000		14		133616		61231
50000		94		784464		363357
100000		164		1668928		776606
-----------------------------------------------------------
Parte 1 - Média QuickSort Recursivo
Tamanho		Tempo(ms)	Cópias		Comparações
5		0		0		7
1000		1		1729		8196
5000		6		11257		49938
10000		12		24821		112683
50000		96		151167		683271
100000		211		325984		1388887
-----------------------------------------------------------
Parte 1 - Média HeapSort
Tamanho		Tempo(ms)	Cópias		Comparações
5		0		9		6
1000		1		9071		11678
5000		7		57155		75755
10000		12		124240		166453
50000		91		737491		1006724
100000		262		1574896		2163281
