-----------------------------------------------------------
Parte 1 - Média InsertionSort
Tamanho		Tempo(ms)	Cópias		Comparações
5		0		4		4
1000		8		999		249296
5000		181		4999		6275661
10000		805		9999		24988114
50000		41379		49999		624756459
100000		200427		99999		2498913456
-----------------------------------------------------------
Parte 1 - Média ShellSort
Tamanho		Tempo(ms)	Cópias		Comparações
5		0		5		9
1000		2		5457		14348
5000		6		35084		104675
10000		12		75243		236803
50000		109		455719		1680125
100000		277		967146		3920557
-----------------------------------------------------------
Parte 1 - Média MergeSort
Tamanho		Tempo(ms)	Cópias		Comparações
5		0		12		4
1000		0		9976		4400
5000		0		61808		28159
10000		6		133616		61305
50000		54		784464		363291
100000		130		1668928		776523
-----------------------------------------------------------
Parte 1 - Média QuickSort Recursivo
Tamanho		Tempo(ms)	Cópias		Comparações
5		0		1		6
1000		0		1707		8278
5000		6		11178		53253
10000		8		24786		113357
50000		84		151489		673734
100000		183		323373		1445771
-----------------------------------------------------------
Parte 1 - Média HeapSort
Tamanho		Tempo(ms)	Cópias		Comparações
5		0		9		5
1000		2		9073		11679
5000		4		57094		75684
10000		12		124224		166298
50000		83		737519		1006550
100000		195		1574747		2162771
